The last picture is the most interesting because of the distribution of the flowers characteristics.

The second is nor relevant enough because it doesn't take into account the relation between the flowers (they cover the same area depending on the label assigned).

We use scatterplot to see the distribution. Comparing scatterplots and histograms we can infer some features. 

``` python 
M0 = (L == 0)
D0 = D[:, M0] # or equivalently D0 = D[:, L==0]
```
Apply this function to each class in roder to obtain records who belong to it (maybe)

There are two ways to compute the mean `mu`. 
Compute `DC = D -mu` and
Variance 
```python 
var = D.var(1)  #diagonal of covariance matrix
                #variance tells us how features dicrimine some class
std = D.std(1)
```

The mean of each class correspond to the mean evalueted in the histogram:
- Close mean -> overlap


```python 
Mean:
[[ 0.00170711]
 [ 0.00503903]
 [-0.00560753]
 [ 0.00109537]
 [-0.00700025]
 [ 0.00910515]]

Covariance:
[[ 1.00134304e+00  5.16755817e-03  1.76746375e-03  1.45268757e-02  1.00066790e-02 -1.29591239e-02]
 [ 5.16755817e-03  9.98352699e-01 -1.58354137e-02 -4.40650280e-04  -4.01307317e-03 -8.17687100e-04]
 [ 1.76746375e-03 -1.58354137e-02  1.00248180e+00 -4.37060381e-01  -2.68600594e-02  6.34388503e-03]
 [ 1.45268757e-02 -4.40650280e-04 -4.37060381e-01  9.90293894e-01  2.53357434e-02  8.26930215e-03]
 [ 1.00066790e-02 -4.01307317e-03 -2.68600594e-02  2.53357434e-02  1.00119747e+00  8.75793087e-04]
 [-1.29591239e-02 -8.17687100e-04  6.34388503e-03  8.26930215e-03  8.75793087e-04  9.97223742e-01]]

Variance: [1.00134304 0.9983527  1.0024818  0.99029389 1.00119747 0.99722374]
Std. dev.: [1.00067129 0.99917601 1.00124013 0.99513511 1.00059856 0.99861091]

Class 0
Mean:
[[ 0.00287744]
 [ 0.01869316]
 [-0.68094016]
 [ 0.6708362 ]
 [ 0.02795697]
 [-0.0058274 ]]


Covariance:
[[ 5.69581054e-01  4.43400885e-03  8.43170041e-03  1.44479381e-02  1.42672670e-02 -1.41150344e-03]
 [ 4.43400885e-03  1.42086571e+00 -4.75806611e-03 -1.22432969e-02 -2.57280214e-03 -5.54092626e-03]
 [ 8.43170041e-03 -4.75806611e-03  5.49977025e-01  1.32035878e-02 -1.15251868e-02  1.11043986e-02]
 [ 1.44479381e-02 -1.22432969e-02  1.32035878e-02  5.36042661e-01  7.07380678e-03  1.59744284e-02]
 [ 1.42672670e-02 -2.57280214e-03 -1.15251868e-02  7.07380678e-03  6.80073597e-01  1.20001652e-02]
 [-1.41150344e-03 -5.54092626e-03  1.11043986e-02  1.59744284e-02  1.20001652e-02  7.05038438e-01]]

Variance: [0.56958105 1.42086571 0.54997702 0.53604266 0.6800736  0.70503844]
Std. dev.: [0.75470594 1.19200072 0.74160436 0.73214934 0.82466575 0.83966567]

Class 1
Mean:
[[ 5.44547838e-04]
 [-8.52437392e-03]
 [ 6.65237846e-01]
 [-6.64195349e-01]
 [-4.17251858e-02]
 [ 2.39384879e-02]]

Covariance:
[[ 1.43023345  0.00586459 -0.00328748  0.01305324  0.00569339 -0.02439541]
 [ 0.00586459  0.57827792 -0.0085804  -0.006824   -0.0063889   0.0042779 ]
 [-0.00328748 -0.0085804   0.5489026   0.01126717  0.00465291 -0.01835331]
 [ 0.01305324 -0.006824    0.01126717  0.55334275 -0.00288255  0.02041834]
 [ 0.00569339 -0.0063889   0.00465291 -0.00288255  1.31776792 -0.00914104]
 [-0.02439541  0.0042779  -0.01835331  0.02041834 -0.00914104  1.28702609]]
 
Variance: [1.43023345 0.57827792 0.5489026  0.55334275 1.31776792 1.28702609]
Std. dev.: [1.19592368 0.76044587 0.74087962 0.74387012 1.14794073 1.13447172]
```